FANN_FLO_2.1
num_layers=2
learning_rate=0.700000
connection_rate=1.000000
network_type=1
learning_momentum=0.000000
training_algorithm=2
train_error_function=0
train_stop_function=1
cascade_output_change_fraction=0.010000
quickprop_decay=-0.000100
quickprop_mu=1.750000
rprop_increase_factor=1.200000
rprop_decrease_factor=0.500000
rprop_delta_min=0.000000
rprop_delta_max=50.000000
rprop_delta_zero=0.100000
cascade_output_stagnation_epochs=12
cascade_candidate_change_fraction=0.010000
cascade_candidate_stagnation_epochs=12
cascade_max_out_epochs=150
cascade_min_out_epochs=50
cascade_max_cand_epochs=150
cascade_min_cand_epochs=50
cascade_num_candidate_groups=8
bit_fail_limit=8.99999976158142089844e-01
cascade_candidate_limit=1.00000000000000000000e+03
cascade_weight_multiplier=4.00000005960464477539e-01
cascade_activation_functions_count=1
cascade_activation_functions=5 
cascade_activation_steepnesses_count=1
cascade_activation_steepnesses=1.00000000000000000000e+00 
layer_sizes=9 1 
scale_included=0
neurons (num_inputs, activation_function, activation_steepness)=(0, 0, 0.00000000000000000000e+00) (0, 0, 0.00000000000000000000e+00) (0, 0, 0.00000000000000000000e+00) (0, 0, 0.00000000000000000000e+00) (0, 0, 0.00000000000000000000e+00) (0, 0, 0.00000000000000000000e+00) (0, 0, 0.00000000000000000000e+00) (0, 0, 0.00000000000000000000e+00) (0, 0, 0.00000000000000000000e+00) (9, 0, 5.00000000000000000000e-01) 
connections (connected_to_neuron, weight)=(0, -6.07299804687500000000e-03) (1, -8.37524384260177612305e-02) (2, -7.45239108800888061523e-03) (3, 5.21484389901161193848e-02) (4, 5.30822798609733581543e-02) (5, 7.54150375723838806152e-02) (6, -6.00646995007991790771e-02) (7, 3.10058668255805969238e-02) (8, -3.36914062500000000000e-02) 
